irrelevant_prob_provide=0.4, irrelevant_prob_confirm=0.2
8000 0.5 0.0005 21
8000 0.5 0.001 25
8000 0.5 0.002 43
8000 0.5 0.003 42
8000 0.5 0.004 50
8000 0.5 0.005 60
8000 0.5 0.0005 19
8000 0.5 0.0001 22
8000 0.5 0.0003 17
8000 0.4 0.0004 25
8000 0.3 0.0003 41
8000 0.3 0.0003 39
8000 0.3 0.0003 49
10000 0.5 0.0005 23
5000 0.5 0.0005 33
5000 0.5 0.0005 35
5000 0.5 0.001 25
5000 0.5 0.001 30
5000 0.5 0.001 30
5000 0.3 0.0006 56
5000 0.8 0.0016 69

irrelevant_prob_provide=0.5, irrelevant_prob_confirm=0.4
5000 0.5 0.0005 101

irrelevant_prob_provide=0.3, irrelevant_prob_confirm=0.1
5000 0.5 0.0005 15

irrelevant_prob_provide=0.2, irrelevant_prob_confirm=0.1
5000 0.5 0.0005 17

irrelevant_prob_provide=0.3, irrelevant_prob_confirm=0.1, neg_confirm_prob=0.2
5000 0.5 0.0005 444

irrelevant_prob_provide=0.3, irrelevant_prob_confirm=0.1, neg_confirm_prob=0.4
5000 0.5 0.0005 27

irrelevant_prob_provide=0.3, irrelevant_prob_confirm=0.1, neg_confirm_prob=0.45
5000 0.5 0.0005 16
5000 0.5 0.0005 27
5000 0.5 0.0005 9

<5000 0.5 0.0005>
0.3 0.1 0.45 18
0.4 0.1 0.45 21
0.3 0.2 0.45 10
0.3 0.2 0.45 10
0.4 0.2 0.45 13
0.4 0.2 0.45 13
0.3 0.2 0.45 13
0.3 0.2 0.5 7
0.3 0.2 0.55 5
0.3 0.2 0.55 9
0.3 0.2 0.55 13
0.3 0.2 0.55 9
0.3 0.2 0.5 7
0.3 0.2 0.5 12
0.3 0.2 0.5 8
0.3 0.2 0.5 6
0.3 0.2 0.6 4
0.3 0.2 0.6 3
0.4 0.2 0.6 7
0.4 0.2 0.6 14
0.3 0.2 0.6 0
0.3 0.2 0.6 1
0.3 0.2 0.7 0
0.3 0.2 0.7 5
0.3 0.2 0.7 5
0.3 0.2 0.7 3
0.3 0.2 0.8 2
0.3 0.2 0.8 0
0.3 0.2 0.8 3
0.3 0.2 0.8 3

<0.3 0.2 0.8>
8000 0.5 0.0005 3
8000 0.5 0.0005 3
8000 0.5 0.0004 2
8000 0.5 0.0004 2
8000 0.4 0.0005 3
8000 0.4 0.0005 7
10000 0.5 0.0005 2
10000 0.5 0.0005 4
8000 0.5 0.0005 1
8000 0.5 0.0005 0
8000 0.5 0.0005 7
8000 0.5 0.0004 6
8000 0.5 0.0004 7
8000 0.5 0.0005 3
9000 0.5 0.0005 5

<0.3 0.2 0.6>
9000 0.5 0.0005 4   confirm sth that has already been confirmed
9000 0.5 0.0005 8
9000 0.5 0.0005 5

<0.3 0.2 0.5>
9000 0.5 0.0005 13

<9000 0.5 0.0005>
0.3 0.3 0.5 15
0.3 0.2 0.6 12
0.3 0.2 0.6 5
0.3 0.15 0.6 3
0.3 0.15 0.6 16

9000 0.5 0.0005 || 0.4 0.25 0.55 || 13
9000 0.2 0 || 0.4 0.25 0.55 || 41
9000 0.5 0.0005 || 0.4 0.2 0.8 || 0

9000 0.5 0.0005 || 0.4 0.2 0.5 || 142
9000 0.3 0.0003 || 0.4 0.2 0.4 || 48
9000 0.3 0.0003 || 0.4 0.2 0.5 || 95
9000 0.3 0.0003 || 0.4 0.2 0 || 10
9000 0.3 0.0003 || 0.4 0.2 0 || 6
9000 0.3 0.0003 || 0.3 0.2 0.2 || 34
9000 0.3 0.0003 || 0.4 0.2 0.2 || 24

8000 0.2 0 || 0.1 0.1 0.1 || 22
8000 0.2 0 || 0.1 0.1 0.2 || 53
8000 0.2 0 || 0.1 0.1 0.3 || 87
8000 0.2 0 || 0.1 0.1 0.4 || 116
8000 0.2 0 || 0.1 0.1 0.5 || 139
8000 0.2 0 || 0.1 0.2 0.1 || 25
8000 0.2 0 || 0.1 0.2 0.2 || 57
8000 0.2 0 || 0.1 0.2 0.3 || 91
8000 0.2 0 || 0.1 0.2 0.4 || 96
8000 0.2 0 || 0.1 0.2 0.5 || 98
8000 0.2 0 || 0.1 0.3 0.1 || 61
8000 0.2 0 || 0.1 0.3 0.2 || 85
8000 0.2 0 || 0.1 0.3 0.3 || 103
8000 0.2 0 || 0.1 0.3 0.4 || 90
8000 0.2 0 || 0.1 0.3 0.5 || 292
8000 0.2 0 || 0.1 0.4 0.1 || 56
8000 0.2 0 || 0.1 0.4 0.2 || 89
8000 0.2 0 || 0.1 0.4 0.3 || 90
8000 0.2 0 || 0.1 0.4 0.4 || 249
8000 0.2 0 || 0.1 0.4 0.5 || 873
8000 0.2 0 || 0.2 0.1 0.1 || 27
8000 0.2 0 || 0.2 0.1 0.2 || 50
8000 0.2 0 || 0.2 0.1 0.3 || 82
8000 0.2 0 || 0.2 0.1 0.4 || 97
8000 0.2 0 || 0.2 0.1 0.5 || 114
8000 0.2 0 || 0.2 0.2 0.1 || 30
8000 0.2 0 || 0.2 0.2 0.2 || 60
8000 0.2 0 || 0.2 0.2 0.3 || 80
8000 0.2 0 || 0.2 0.2 0.4 || 106
8000 0.2 0 || 0.2 0.2 0.5 || 99
8000 0.2 0 || 0.2 0.3 0.1 || 35
8000 0.2 0 || 0.2 0.3 0.2 || 93
8000 0.2 0 || 0.2 0.3 0.3 || 96
8000 0.2 0 || 0.2 0.3 0.4 || 96
8000 0.2 0 || 0.2 0.3 0.5 || 363
8000 0.2 0 || 0.2 0.4 0.1 || 75
8000 0.2 0 || 0.2 0.4 0.2 || 83
8000 0.2 0 || 0.2 0.4 0.3 || 115
8000 0.2 0 || 0.2 0.4 0.4 || 262
8000 0.2 0 || 0.2 0.4 0.5 || 895
8000 0.2 0 || 0.3 0.1 0.1 || 28
8000 0.2 0 || 0.3 0.1 0.2 || 52
8000 0.2 0 || 0.3 0.1 0.3 || 100
8000 0.2 0 || 0.3 0.1 0.4 || 95
8000 0.2 0 || 0.3 0.1 0.5 || 110
8000 0.2 0 || 0.3 0.2 0.1 || 43
8000 0.2 0 || 0.3 0.2 0.2 || 71
8000 0.2 0 || 0.3 0.2 0.3 || 96
8000 0.2 0 || 0.3 0.2 0.4 || 109
8000 0.2 0 || 0.3 0.2 0.5 || 102
8000 0.2 0 || 0.3 0.3 0.1 || 59
8000 0.2 0 || 0.3 0.3 0.2 || 72
8000 0.2 0 || 0.3 0.3 0.3 || 111
8000 0.2 0 || 0.3 0.3 0.4 || 93
8000 0.2 0 || 0.3 0.3 0.5 || 432
8000 0.2 0 || 0.3 0.4 0.1 || 53
8000 0.2 0 || 0.3 0.4 0.2 || 101
8000 0.2 0 || 0.3 0.4 0.3 || 83
8000 0.2 0 || 0.3 0.4 0.4 || 369
8000 0.2 0 || 0.3 0.4 0.5 || 934
8000 0.2 0 || 0.4 0.1 0.1 || 23
8000 0.2 0 || 0.4 0.1 0.2 || 55
8000 0.2 0 || 0.4 0.1 0.3 || 92
8000 0.2 0 || 0.4 0.1 0.4 || 94
8000 0.2 0 || 0.4 0.1 0.5 || 63
8000 0.2 0 || 0.4 0.2 0.1 || 27
8000 0.2 0 || 0.4 0.2 0.2 || 53
8000 0.2 0 || 0.4 0.2 0.3 || 73
8000 0.2 0 || 0.4 0.2 0.4 || 67
8000 0.2 0 || 0.4 0.2 0.5 || 125
8000 0.2 0 || 0.4 0.3 0.1 || 34
8000 0.2 0 || 0.4 0.3 0.2 || 66
8000 0.2 0 || 0.4 0.3 0.3 || 80
8000 0.2 0 || 0.4 0.3 0.4 || 107
8000 0.2 0 || 0.4 0.3 0.5 || 562
8000 0.2 0 || 0.4 0.4 0.1 || 47
8000 0.2 0 || 0.4 0.4 0.2 || 65
8000 0.2 0 || 0.4 0.4 0.3 || 87
8000 0.2 0 || 0.4 0.4 0.4 || 419
8000 0.2 0 || 0.4 0.4 0.5 || 965
8000 0.2 0 || 0.5 0.1 0.1 || 32
8000 0.2 0 || 0.5 0.1 0.2 || 40
8000 0.2 0 || 0.5 0.1 0.3 || 82
8000 0.2 0 || 0.5 0.1 0.4 || 63
8000 0.2 0 || 0.5 0.1 0.5 || 76
8000 0.2 0 || 0.5 0.2 0.1 || 36
8000 0.2 0 || 0.5 0.2 0.2 || 61
8000 0.2 0 || 0.5 0.2 0.3 || 61
8000 0.2 0 || 0.5 0.2 0.4 || 72
8000 0.2 0 || 0.5 0.2 0.5 || 247
8000 0.2 0 || 0.5 0.3 0.1 || 39
8000 0.2 0 || 0.5 0.3 0.2 || 57
8000 0.2 0 || 0.5 0.3 0.3 || 68
8000 0.2 0 || 0.5 0.3 0.4 || 164
8000 0.2 0 || 0.5 0.3 0.5 || 594
8000 0.2 0 || 0.5 0.4 0.1 || 61
8000 0.2 0 || 0.5 0.4 0.2 || 65

5000 0.3 0.0003 || 0.2 0.1 0 || 22
5000 0.3 0.0003 || 0.2 0.1 0.2 || 26
5000 0.3 0.0003 || 0.2 0.1 0.4 || 78
5000 0.3 0.0003 || 0.2 0.1 0.5 || 85
5000 0.3 0.0003 || 0.2 0.2 0 || 22
5000 0.3 0.0003 || 0.2 0.2 0.2 || 35
5000 0.3 0.0003 || 0.2 0.2 0.4 || 67
5000 0.3 0.0003 || 0.2 0.2 0.5 || 111
5000 0.3 0.0003 || 0.2 0.3 0 || 17
5000 0.3 0.0003 || 0.2 0.3 0.2 || 38
5000 0.3 0.0003 || 0.2 0.3 0.4 || 88
5000 0.3 0.0003 || 0.2 0.3 0.5 || 451
5000 0.3 0.0003 || 0.3 0.1 0 || 22
5000 0.3 0.0003 || 0.3 0.1 0.2 || 40
5000 0.3 0.0003 || 0.3 0.1 0.4 || 56
5000 0.3 0.0003 || 0.3 0.1 0.5 || 74
5000 0.3 0.0003 || 0.3 0.2 0 || 12
5000 0.3 0.0003 || 0.3 0.2 0.2 || 53
5000 0.3 0.0003 || 0.3 0.2 0.4 || 72
5000 0.3 0.0003 || 0.3 0.2 0.5 || 137
5000 0.3 0.0003 || 0.3 0.3 0 || 24
5000 0.3 0.0003 || 0.3 0.3 0.2 || 42
5000 0.3 0.0003 || 0.3 0.3 0.4 || 120
5000 0.3 0.0003 || 0.3 0.3 0.5 || 540
5000 0.3 0.0003 || 0.4 0.1 0 || 9
5000 0.3 0.0003 || 0.4 0.1 0.2 || 33
5000 0.3 0.0003 || 0.4 0.1 0.4 || 80
5000 0.3 0.0003 || 0.4 0.1 0.5 || 71
5000 0.3 0.0003 || 0.4 0.2 0 || 16
5000 0.3 0.0003 || 0.4 0.2 0.2 || 50
5000 0.3 0.0003 || 0.4 0.2 0.4 || 64
5000 0.3 0.0003 || 0.4 0.2 0.5 || 213
5000 0.3 0.0003 || 0.4 0.3 0 || 27
5000 0.3 0.0003 || 0.4 0.3 0.2 || 47
5000 0.3 0.0003 || 0.4 0.3 0.4 || 116
5000 0.3 0.0003 || 0.4 0.3 0.5 || 592
5000 0.3 0.0003 || 0.5 0.1 0 || 16
5000 0.3 0.0003 || 0.5 0.1 0.2 || 29
5000 0.3 0.0003 || 0.5 0.1 0.4 || 50
5000 0.3 0.0003 || 0.5 0.1 0.5 || 124
5000 0.3 0.0003 || 0.5 0.2 0 || 15
5000 0.3 0.0003 || 0.5 0.2 0.2 || 49
5000 0.3 0.0003 || 0.5 0.2 0.4 || 95
5000 0.3 0.0003 || 0.5 0.2 0.5 || 310
5000 0.3 0.0003 || 0.5 0.3 0 || 17
5000 0.3 0.0003 || 0.5 0.3 0.2 || 44
5000 0.3 0.0003 || 0.5 0.3 0.4 || 216
5000 0.3 0.0003 || 0.5 0.3 0.5 || 642
5000 0.3 0.0002 || 0.2 0.1 0 || 14
5000 0.3 0.0002 || 0.2 0.1 0.2 || 33
5000 0.3 0.0002 || 0.2 0.1 0.4 || 84
5000 0.3 0.0002 || 0.2 0.1 0.5 || 75
5000 0.3 0.0002 || 0.2 0.2 0 || 27
5000 0.3 0.0002 || 0.2 0.2 0.2 || 38
5000 0.3 0.0002 || 0.2 0.2 0.4 || 79
5000 0.3 0.0002 || 0.2 0.2 0.5 || 123
5000 0.3 0.0002 || 0.2 0.3 0 || 32
5000 0.3 0.0002 || 0.2 0.3 0.2 || 60
5000 0.3 0.0002 || 0.2 0.3 0.4 || 100
5000 0.3 0.0002 || 0.2 0.3 0.5 || 413
5000 0.3 0.0002 || 0.3 0.1 0 || 12
5000 0.3 0.0002 || 0.3 0.1 0.2 || 36
5000 0.3 0.0002 || 0.3 0.1 0.4 || 54
5000 0.3 0.0002 || 0.3 0.1 0.5 || 75
5000 0.3 0.0002 || 0.3 0.2 0 || 18
5000 0.3 0.0002 || 0.3 0.2 0.2 || 44
5000 0.3 0.0002 || 0.3 0.2 0.4 || 74
5000 0.3 0.0002 || 0.3 0.2 0.5 || 157
5000 0.3 0.0002 || 0.3 0.3 0 || 21
5000 0.3 0.0002 || 0.3 0.3 0.2 || 58
5000 0.3 0.0002 || 0.3 0.3 0.4 || 95
5000 0.3 0.0002 || 0.3 0.3 0.5 || 495
5000 0.3 0.0002 || 0.4 0.1 0 || 18
5000 0.3 0.0002 || 0.4 0.1 0.2 || 22
5000 0.3 0.0002 || 0.4 0.1 0.4 || 45
5000 0.3 0.0002 || 0.4 0.1 0.5 || 85
5000 0.3 0.0002 || 0.4 0.2 0 || 13
5000 0.3 0.0002 || 0.4 0.2 0.2 || 51
5000 0.3 0.0002 || 0.4 0.2 0.4 || 51
5000 0.3 0.0002 || 0.4 0.2 0.5 || 234
5000 0.3 0.0002 || 0.4 0.3 0 || 29
5000 0.3 0.0002 || 0.4 0.3 0.2 || 48
5000 0.3 0.0002 || 0.4 0.3 0.4 || 141
5000 0.3 0.0002 || 0.4 0.3 0.5 || 595
5000 0.3 0.0002 || 0.5 0.1 0 || 15

5000 0.4 0.0004 || 0.2 0.1 0 || 9
5000 0.4 0.0004 || 0.2 0.1 0.2 || 17
5000 0.4 0.0004 || 0.2 0.1 0.4 || 44
5000 0.4 0.0004 || 0.2 0.1 0.5 || 49
5000 0.4 0.0004 || 0.2 0.2 0 || 14
5000 0.4 0.0004 || 0.2 0.2 0.2 || 19
5000 0.4 0.0004 || 0.2 0.2 0.4 || 54
5000 0.4 0.0004 || 0.2 0.2 0.5 || 113
5000 0.4 0.0004 || 0.2 0.3 0 || 19
5000 0.4 0.0004 || 0.2 0.3 0.2 || 25
5000 0.4 0.0004 || 0.2 0.3 0.4 || 87
5000 0.4 0.0004 || 0.2 0.3 0.5 || 469
5000 0.4 0.0004 || 0.3 0.1 0 || 8
5000 0.4 0.0004 || 0.3 0.1 0.2 || 32
5000 0.4 0.0004 || 0.3 0.1 0.4 || 49
5000 0.4 0.0004 || 0.3 0.1 0.5 || 50
5000 0.4 0.0004 || 0.3 0.2 0 || 8
5000 0.4 0.0004 || 0.3 0.2 0.2 || 20
5000 0.4 0.0004 || 0.3 0.2 0.4 || 45
5000 0.4 0.0004 || 0.3 0.2 0.5 || 161
5000 0.4 0.0004 || 0.3 0.3 0 || 9
5000 0.4 0.0004 || 0.3 0.3 0.2 || 40
5000 0.4 0.0004 || 0.3 0.3 0.4 || 111
5000 0.4 0.0004 || 0.3 0.3 0.5 || 597
5000 0.4 0.0004 || 0.4 0.1 0 || 7
5000 0.4 0.0004 || 0.4 0.1 0.2 || 25
5000 0.4 0.0004 || 0.4 0.1 0.4 || 45
5000 0.4 0.0004 || 0.4 0.1 0.5 || 76
5000 0.4 0.0004 || 0.4 0.2 0 || 11
5000 0.4 0.0004 || 0.4 0.2 0.2 || 29
5000 0.4 0.0004 || 0.4 0.2 0.4 || 52
5000 0.4 0.0004 || 0.4 0.2 0.5 || 229
5000 0.4 0.0004 || 0.4 0.3 0 || 9
5000 0.4 0.0004 || 0.4 0.3 0.2 || 32
5000 0.4 0.0004 || 0.4 0.3 0.4 || 146
5000 0.4 0.0004 || 0.4 0.3 0.5 || 617
5000 0.4 0.0004 || 0.5 0.1 0 || 10
5000 0.4 0.0004 || 0.5 0.1 0.2 || 23
5000 0.4 0.0004 || 0.5 0.1 0.4 || 44
5000 0.4 0.0004 || 0.5 0.1 0.5 || 113
5000 0.4 0.0004 || 0.5 0.2 0 || 7
5000 0.4 0.0004 || 0.5 0.2 0.2 || 23
5000 0.4 0.0004 || 0.5 0.2 0.4 || 81
5000 0.4 0.0004 || 0.5 0.2 0.5 || 293
5000 0.4 0.0004 || 0.5 0.3 0 || 13
5000 0.4 0.0004 || 0.5 0.3 0.2 || 30
5000 0.4 0.0004 || 0.5 0.3 0.4 || 286
5000 0.4 0.0004 || 0.5 0.3 0.5 || 657
5000 0.4 0.0003 || 0.2 0.1 0 || 10
5000 0.4 0.0003 || 0.2 0.1 0.2 || 17
5000 0.4 0.0003 || 0.2 0.1 0.4 || 40
5000 0.4 0.0003 || 0.2 0.1 0.5 || 60
5000 0.4 0.0003 || 0.2 0.2 0 || 8
5000 0.4 0.0003 || 0.2 0.2 0.2 || 25
5000 0.4 0.0003 || 0.2 0.2 0.4 || 57
5000 0.4 0.0003 || 0.2 0.2 0.5 || 111
5000 0.4 0.0003 || 0.2 0.3 0 || 8
5000 0.4 0.0003 || 0.2 0.3 0.2 || 38
5000 0.4 0.0003 || 0.2 0.3 0.4 || 82
5000 0.4 0.0003 || 0.2 0.3 0.5 || 485
5000 0.4 0.0003 || 0.3 0.1 0 || 3
5000 0.5 0.0005 || 0.2 0.1 0 || 7
5000 0.5 0.0005 || 0.2 0.1 0.2 || 14
5000 0.5 0.0005 || 0.2 0.1 0.4 || 24
5000 0.5 0.0005 || 0.2 0.1 0.5 || 34
5000 0.5 0.0005 || 0.2 0.2 0 || 10
5000 0.5 0.0005 || 0.2 0.2 0.2 || 5
5000 0.5 0.0005 || 0.2 0.2 0.4 || 37
5000 0.5 0.0005 || 0.2 0.2 0.5 || 120
5000 0.5 0.0005 || 0.2 0.3 0 || 11
5000 0.5 0.0005 || 0.2 0.3 0.2 || 18
5000 0.5 0.0005 || 0.2 0.3 0.4 || 80
5000 0.5 0.0005 || 0.2 0.3 0.5 || 550
5000 0.5 0.0005 || 0.3 0.1 0 || 3
5000 0.5 0.0005 || 0.3 0.1 0.2 || 11
5000 0.5 0.0005 || 0.3 0.1 0.4 || 18
5000 0.5 0.0005 || 0.3 0.1 0.5 || 51
5000 0.5 0.0005 || 0.3 0.2 0 || 8
5000 0.5 0.0005 || 0.3 0.2 0.2 || 9
5000 0.5 0.0005 || 0.3 0.2 0.4 || 29
5000 0.5 0.0005 || 0.3 0.2 0.5 || 213
5000 0.5 0.0005 || 0.3 0.3 0 || 8
5000 0.5 0.0005 || 0.3 0.3 0.2 || 13
5000 0.5 0.0005 || 0.3 0.3 0.4 || 119
5000 0.5 0.0005 || 0.3 0.3 0.5 || 564
5000 0.5 0.0005 || 0.4 0.1 0 || 5
5000 0.5 0.0005 || 0.4 0.1 0.2 || 8
5000 0.5 0.0005 || 0.4 0.1 0.4 || 23
5000 0.5 0.0005 || 0.4 0.1 0.5 || 82
5000 0.5 0.0005 || 0.4 0.2 0 || 4
5000 0.5 0.0005 || 0.4 0.2 0.2 || 13
5000 0.5 0.0005 || 0.4 0.2 0.4 || 48
5000 0.5 0.0005 || 0.4 0.2 0.5 || 277
5000 0.5 0.0005 || 0.4 0.3 0 || 10
5000 0.5 0.0005 || 0.4 0.3 0.2 || 13
5000 0.5 0.0005 || 0.4 0.3 0.4 || 167
5000 0.5 0.0005 || 0.4 0.3 0.5 || 647
5000 0.5 0.0005 || 0.5 0.1 0 || 9
5000 0.5 0.0005 || 0.5 0.1 0.2 || 18
5000 0.5 0.0005 || 0.5 0.1 0.4 || 33
5000 0.5 0.0005 || 0.5 0.1 0.5 || 131
5000 0.5 0.0005 || 0.5 0.2 0 || 11
5000 0.5 0.0005 || 0.5 0.2 0.2 || 14
5000 0.5 0.0005 || 0.5 0.2 0.4 || 88
5000 0.5 0.0005 || 0.5 0.2 0.5 || 380
5000 0.5 0.0005 || 0.5 0.3 0 || 8
5000 0.5 0.0005 || 0.5 0.3 0.2 || 22
5000 0.5 0.0005 || 0.5 0.3 0.4 || 318
5000 0.5 0.0005 || 0.5 0.3 0.5 || 694
5000 0.5 0.0004 || 0.2 0.1 0 || 1
5000 0.5 0.0004 || 0.2 0.1 0.2 || 6
5000 0.5 0.0004 || 0.2 0.1 0.4 || 26
5000 0.5 0.0004 || 0.2 0.1 0.5 || 31
5000 0.5 0.0004 || 0.2 0.2 0 || 8
5000 0.5 0.0004 || 0.2 0.2 0.2 || 15
5000 0.5 0.0004 || 0.2 0.2 0.4 || 22
5000 0.5 0.0004 || 0.2 0.2 0.5 || 136
5000 0.5 0.0004 || 0.2 0.3 0 || 10
5000 0.5 0.0004 || 0.2 0.3 0.2 || 27
5000 0.5 0.0004 || 0.2 0.3 0.4 || 82
5000 0.5 0.0004 || 0.2 0.3 0.5 || 549
5000 0.5 0.0004 || 0.3 0.1 0 || 3
5000 0.5 0.0004 || 0.3 0.1 0.2 || 11
5000 0.5 0.0004 || 0.3 0.1 0.4 || 20
5000 0.5 0.0004 || 0.3 0.1 0.5 || 45
5000 0.5 0.0004 || 0.3 0.2 0 || 2
5000 0.5 0.0004 || 0.3 0.2 0.2 || 22
5000 0.5 0.0004 || 0.3 0.2 0.4 || 31
5000 0.5 0.0004 || 0.3 0.2 0.5 || 203
5000 0.5 0.0004 || 0.3 0.3 0 || 5
5000 0.5 0.0004 || 0.3 0.3 0.2 || 15
5000 0.5 0.0004 || 0.3 0.3 0.4 || 133
5000 0.5 0.0004 || 0.3 0.3 0.5 || 567
5000 0.5 0.0004 || 0.4 0.1 0 || 1
5000 0.5 0.0004 || 0.4 0.1 0.2 || 8
5000 0.5 0.0004 || 0.4 0.1 0.4 || 16
5000 0.5 0.0004 || 0.4 0.1 0.5 || 70
5000 0.5 0.0004 || 0.4 0.2 0 || 6
5000 0.5 0.0004 || 0.4 0.2 0.2 || 14
5000 0.5 0.0004 || 0.4 0.2 0.4 || 47
5000 0.5 0.0004 || 0.4 0.2 0.5 || 258
5000 0.5 0.0004 || 0.4 0.3 0 || 3
5000 0.5 0.0004 || 0.4 0.3 0.2 || 28
5000 0.5 0.0004 || 0.4 0.3 0.4 || 192
5000 0.5 0.0004 || 0.4 0.3 0.5 || 647
5000 0.5 0.0004 || 0.5 0.1 0 || 4
5000 0.5 0.0004 || 0.5 0.1 0.2 || 19
5000 0.5 0.0004 || 0.5 0.1 0.4 || 22
5000 0.5 0.0004 || 0.5 0.1 0.5 || 159
5000 0.5 0.0004 || 0.5 0.2 0 || 5
5000 0.5 0.0004 || 0.5 0.2 0.2 || 13
5000 0.5 0.0004 || 0.5 0.2 0.4 || 78
5000 0.5 0.0004 || 0.5 0.2 0.5 || 396
5000 0.5 0.0004 || 0.5 0.3 0 || 3
5000 0.5 0.0004 || 0.5 0.3 0.2 || 17
5000 0.5 0.0004 || 0.5 0.3 0.4 || 303
5000 0.5 0.0004 || 0.5 0.3 0.5 || 713
5000 0.5 0.0003 || 0.2 0.1 0 || 6
5000 0.5 0.0003 || 0.2 0.1 0.2 || 9
5000 0.5 0.0003 || 0.2 0.1 0.4 || 25
5000 0.5 0.0003 || 0.2 0.1 0.5 || 25
5000 0.5 0.0003 || 0.2 0.2 0 || 3
5000 0.5 0.0003 || 0.2 0.2 0.2 || 10
5000 0.5 0.0003 || 0.2 0.2 0.4 || 35
5000 0.5 0.0003 || 0.2 0.2 0.5 || 138
5000 0.5 0.0003 || 0.2 0.3 0 || 13
5000 0.5 0.0003 || 0.2 0.3 0.2 || 22
5000 0.5 0.0003 || 0.2 0.3 0.4 || 83
5000 0.5 0.0003 || 0.2 0.3 0.5 || 528
5000 0.5 0.0003 || 0.3 0.1 0 || 2
5000 0.5 0.0003 || 0.3 0.1 0.2 || 10
5000 0.5 0.0003 || 0.3 0.1 0.4 || 21
5000 0.5 0.0003 || 0.3 0.1 0.5 || 47
5000 0.5 0.0003 || 0.3 0.2 0 || 5
5000 0.5 0.0003 || 0.3 0.2 0.2 || 14
5000 0.5 0.0003 || 0.3 0.2 0.4 || 21
5000 0.5 0.0003 || 0.3 0.2 0.5 || 171
5000 0.5 0.0003 || 0.3 0.3 0 || 7
5000 0.5 0.0003 || 0.3 0.3 0.2 || 27
5000 0.5 0.0003 || 0.3 0.3 0.4 || 118
5000 0.5 0.0003 || 0.3 0.3 0.5 || 587
5000 0.5 0.0003 || 0.4 0.1 0 || 2
5000 0.5 0.0003 || 0.4 0.1 0.2 || 5
5000 0.5 0.0003 || 0.4 0.1 0.4 || 20
5000 0.5 0.0003 || 0.4 0.1 0.5 || 71
5000 0.5 0.0003 || 0.4 0.2 0 || 8
5000 0.5 0.0003 || 0.4 0.2 0.2 || 15
5000 0.5 0.0003 || 0.4 0.2 0.4 || 43
5000 0.5 0.0003 || 0.4 0.2 0.5 || 270
5000 0.5 0.0003 || 0.4 0.3 0 || 8
5000 0.5 0.0003 || 0.4 0.3 0.2 || 12
5000 0.5 0.0003 || 0.4 0.3 0.4 || 184
5000 0.5 0.0003 || 0.4 0.3 0.5 || 633
5000 0.5 0.0003 || 0.5 0.1 0 || 3
5000 0.5 0.0003 || 0.5 0.1 0.2 || 9
5000 0.5 0.0003 || 0.5 0.1 0.4 || 35
5000 0.5 0.0003 || 0.5 0.1 0.5 || 153
5000 0.5 0.0003 || 0.5 0.2 0 || 8
5000 0.5 0.0003 || 0.5 0.2 0.2 || 12
5000 0.5 0.0003 || 0.5 0.2 0.4 || 90
5000 0.5 0.0003 || 0.5 0.2 0.5 || 398
5000 0.5 0.0003 || 0.5 0.3 0 || 10
5000 0.5 0.0003 || 0.5 0.3 0.2 || 13
5000 0.5 0.0003 || 0.5 0.3 0.4 || 290
5000 0.5 0.0003 || 0.5 0.3 0.5 || 704
5000 0.5 0.0005 || 0.3 0.1 0 || 4
5000 0.5 0.0005 || 0.3 0.1 0 || 5
10000 0.5 0.0005 || 0.3 0.1 0 || 5
10000 0.5 0.0004 || 0.3 0.1 0 || 5
5000 0.5 0.0005 || 0.3 0.2 0 || 5
5000 0.4 0.0005 || 0.3 0.2 0.1 || 9
5000 0.6 0.0005 || 0.3 0.2 0.1 || 3
5000 0.6 0.0006 || 0.3 0.2 0.1 || 2
5000 0.6 0.0006 || 0.3 0.2 0.1 || 1
5000 0.6 0.0006 || 0.3 0.2 0.1 || 5
5000 0.6 0.0006 || 0.3 0.2 0.1 || 4
5000 0.7 0.0007 || 0.3 0.2 0.1 || 1
5000 0.7 0.0007 || 0.3 0.2 0.1 || 2
5000 0.7 0.0007 || 0.3 0.2 0.15 || 3
5000 0.7 0.0007 || 0.3 0.25 0.1 || 0
5000 0.7 0.0007 || 0.3 0.25 0.1 || 1
5000 0.7 0.0007 || 0.3 0.25 0.1 || 0
5000 0.7 0.0007 || 0.3 0.25 0.1 || 2
5000 0.7 0.0007 || 0.3 0.3 0.1 || 2
5000 0.8 0.0008 || 0.3 0.3 0.1 || 1
5000 0.8 0.0008 || 0.35 0.3 0.1 || 0
5000 0.8 0.0008 || 0.35 0.3 0.1 || 3
5000 0.8 0.0008 || 0.35 0.35 0.1 || 0
5000 0.8 0.0008 || 0.35 0.35 0.1 || 6
5000 0.85 0.00085 || 0.35 0.35 0.15 || 5
5000 0.85 0.00085 || 0.35 0.35 0.1 || 0
5000 0.85 0.00085 || 0.35 0.35 0.1 || 1
5000 0.85 0.00085 || 0.35 0.35 0.1 || 0
5000 0.85 0.00085 || 0.35 0.35 0.1 || 1
5000 0.9 0.0009 || 0.35 0.35 0.1 || 2
5000 0.9 0.001 || 0.35 0.35 0.1 || 2
5000 0.85 0.00085 || 0.35 0.35 0.1 || 2
5000 0.85 0.0009 || 0.35 0.35 0.1 || 1
5000 0.85 0.0009 || 0.35 0.35 0.1 || 2
5000 0.85 0.00095 || 0.35 0.35 0.1 || 2
5000 0.7 0.0007 || 0.35 0.35 0.1 || 3
5000 0.8 0.001 || 0.35 0.35 0.1 || 3
5000 0.9 0.0016 || 0.35 0.35 0.1 || 3
5000 0.9 0.0016 || 0.4 0.4 0.1 || 6
6000 0.85 0.00085 || 0.35 0.35 0.1 || 0
6000 0.85 0.00085 || 0.35 0.35 0.1 || 1

change alpha
6000 0.85 0.00085 || 0.35 0.35 0.1 || 4
6000 0.85 0.00085 || 0.35 0.35 0.1 || 6
5000 0.9 0.0009 || 0.35 0.35 0.1 || 2
5000 0.9 0.001 || 0.35 0.35 0.1 || 2
5000 0.9 0.001 || 0.4 0.35 0.12 || 4
5000 0.5 0.001 || 0.4 0.35 0.12 || 24
5000 0.9 0.0012 || 0.4 0.35 0.12 || 7
5000 0.9 0.0012 || 0.36 0.35 0.11 || 5
5000 0.9 0.0012 || 0.35 0.35 0.08 || 0
5000 0.9 0.0012 || 0.35 0.35 0.08 || 3
5000 0.9 0.001 || 0.35 0.35 0.08 || 4
5000 0.8 0.001 || 0.35 0.35 0.08 || 5
6000 0.8 0.001 || 0.35 0.35 0.05 || 4
6000 0.8 0.0008 || 0.35 0.35 0.05 || 7
8000 0.8 0.0008 || 0.35 0.35 0.1 || 1
8000 0.8 0.0008 || 0.35 0.35 0.1 || 5
8000 0.8 0.001 || 0.35 0.35 0.1 || 6
8000 0.8 0.0007 || 0.35 0.35 0.1 || 7
8000 0.9 0.0009 || 0.35 0.35 0.1 || 2
5000 0.8 0.0008 || 0.35 0.35 0.05 || 3
5000 0.8 0.0008 || 0.35 0.35 0.08 || 7
5000 0.8 0.0008 || 0.35 0.35 0.01 || 4
5000 0.8 0.001 || 0.35 0.35 0.05 || 4
5000 0.8 0.001 || 0.35 0.35 0.08 || 4
5000 0.8 0.001 || 0.35 0.35 0.01 || 6
5000 0.8 0.0012 || 0.35 0.35 0.05 || 3
5000 0.8 0.0012 || 0.35 0.35 0.08 || 6
5000 0.8 0.0012 || 0.35 0.35 0.01 || 1
5000 0.8 0.0014 || 0.35 0.35 0.05 || 6
5000 0.8 0.0014 || 0.35 0.35 0.08 || 5
5000 0.8 0.0014 || 0.35 0.35 0.01 || 5
5000 0.9 0.0009 || 0.35 0.35 0.05 || 8
5000 0.9 0.0009 || 0.35 0.35 0.08 || 4
5000 0.9 0.0009 || 0.35 0.35 0.01 || 3
5000 0.85 0.00085 || 0.35 0.35 0.05 || 0
5000 0.85 0.00085 || 0.35 0.35 0.08 || 2
5000 0.85 0.00085 || 0.35 0.35 0.01 || 1
5000 1 0.001 || 0.35 0.35 0.05 || 3
5000 1 0.001 || 0.35 0.35 0.08 || 11
5000 1 0.001 || 0.35 0.35 0.01 || 4
5000 0.85 0.00085 || 0.35 0.35 0.05 || 0
5000 0.85 0.00085 || 0.35 0.35 0.05 || 3
5000 0.85 0.00085 || 0.35 0.35 0.05 || 1
6000 0.85 0.00085 || 0.35 0.35 0.05 || 7
6000 0.85 0.00085 || 0.35 0.35 0.05 || 7
6000 0.85 0.00085 || 0.35 0.35 0.05 || 1
5000 0.85 0.00085 || 0.35 0.35 0.05 || 2
5000 0.85 0.00085 || 0.35 0.35 0.05 || 2
max_num_actions = 22
5000 0.85 0.00085 || 0.35 0.35 0.05 || 10
max_num_actions = 28
5000 0.85 0.00085 || 0.35 0.35 0.05 || 1
5000 0.85 0.00085 || 0.35 0.35 0.05 || 8
max_num_actions = 25
5000 0.85 0.00085 || 0.35 0.35 0.05 || 2
5000 0.85 0.00085 || 0.35 0.35 0.05 || 2
max_num_actions = 30
5000 0.85 0.00085 || 0.35 0.35 0.05 || 0
5000 0.85 0.00085 || 0.35 0.35 0.05 || 2
5000 0.85 0.00085 || 0.35 0.35 0.05 || 2
5000 0.85 0.00085 || 0.35 0.35 0.07 || 1
5000 0.85 0.00085 || 0.35 0.35 0.07 || 0
5000 0.85 0.00085 || 0.35 0.35 0.07 || 1
5000 0.85 0.00085 || 0.35 0.35 0.07 || 2
6000 0.85 0.00085 || 0.35 0.35 0.07 || 2
3000 0.85 0.00085 || 0.35 0.35 0.07 || 3
4000 0.85 0.00085 || 0.35 0.35 0.07 || 2
4000 0.85 0.00085 || 0.35 0.35 0.07 || 1
4000 0.85 0.00085 || 0.35 0.35 0.08 || 4
5000 0.85 0.00085 || 0.35 0.35 0.06 || 1
5000 0.85 0.00085 || 0.35 0.35 0.06 || 0
5000 0.85 0.00085 || 0.35 0.35 0.06 || 3
5000 0.85 0.00085 || 0.4 0.4 0.06 || 0
5000 0.85 0.00085 || 0.4 0.4 0.06 || 2
5000 0.85 0.00085 || 0.4 0.4 0.08 || 0
5000 0.85 0.00085 || 0.4 0.4 0.08 || 4
5000 0.85 0.001 || 0.4 0.4 0.1 || 2
8000 0.8 0.001 || 0.4 0.4 0.1 || 3
6000 0.8 0.001 || 0.4 0.4 0.2 || 12
6000 0.8 0.001 || 0.4 0.4 0.05 || 2
6000 0.8 0.001 || 0.4 0.4 0.01 || 4
6000 0.8 0.001 || 0.2 0.2 0.01 || 2
6000 0.8 0.001 || 0.2 0.2 0.1 || 0
6000 0.8 0.001 || 0.2 0.2 0.1 || 0
6000 0.8 0.001 || 0.2 0.2 0.1 || 2
6000 0.8 0.001 || 0.2 0.2 0.1 || 2
6000 0.8 0.001 || 0.2 0.2 0.12 || 1
6000 0.8 0.001 || 0.2 0.2 0.12 || 2
6000 0.8 0.001 || 0.3 0.3 0.1 || 2
3000 0.5 0.001 || 0.3 0.3 0.1 || 18
3000 0.6 0.001 || 0.3 0.3 0.1 || 9
3000 0.6 0.0006 || 0.3 0.3 0.1 || 9
5000 0.3 0.001 || 0.4 0.4 0.2 || 86
5000 0.9 0.001 || 0.4 0.4 0.2 || 16
5000 0.9 0.001 || 0.2 0.2 0.1 || 1
5000 0.95 0.001 || 0.2 0.2 0.1 || 0
5000 0.95 0.001 || 0.2 0.2 0.1 || 0
5000 0.95 0.001 || 0.2 0.2 0.1 || 2
5000 1 0.001 || 0.2 0.2 0.1 || 1
5000 1 0.002 || 0.2 0.2 0.1 || 1
5000 1 0.002 || 0.2 0.2 0.1 || 4
5000 1 0.004 || 0.2 0.2 0.1 || 0
5000 1 0.004 || 0.2 0.2 0.1 || 3

TOTAL = 400 TRIAL
5000 1 0.004 || 0.2 0.2 0.1 || 16
5000 1 0.002 || 0.2 0.2 0.1 || 4
5000 1 0.001 || 0.2 0.2 0.1 || 2
5000 1 0.0008 || 0.2 0.2 0.1 || 3
5000 1 0.0007 || 0.2 0.2 0.1 || 2
5000 1 0.0005 || 0.2 0.2 0.1 || 2
5000 1 0.0001 || 0.2 0.2 0.1 || 8
5000 1 0.002 || 0.2 0.2 0.1 || 6
5000 1 0.0015 || 0.2 0.2 0.1 || 3
5000 1 0.001 || 0.2 0.2 0.1 || 0
5000 1 0.0008 || 0.2 0.2 0.1 || 2
5000 1 0.0006 || 0.2 0.2 0.1 || 2
5000 1 0.0004 || 0.2 0.2 0.1 || 2

TOTAL = 1000 TRIAL
5000 1 0.001 || 0.2 0.2 0.1 || 6
5000 1 0.001 || 0.2 0.2 0.1 || 4
5000 1 0.0009 || 0.2 0.2 0.1 || 5
5000 1 0.00012 || 0.2 0.2 0.1 || 7
5000 1 0.0012 || 0.2 0.2 0.1 || 5
5000 1 0.0014 || 0.2 0.2 0.1 || 8
5000 1 0.0016 || 0.2 0.2 0.1 || 10
5000 1 0.001 || 0.2 0.2 0.1 || 4
5000 1 0.001 || 0.15 0.15 0.1 || 2
5000 1 0.001 || 0.15 0.2 0.1 || 4
5000 1 0.001 || 0.15 0.25 0.1 || 3
5000 1 0.001 || 0.2 0.15 0.1 || 2
5000 1 0.001 || 0.2 0.2 0.1 || 2
5000 1 0.001 || 0.2 0.25 0.1 || 4
5000 1 0.001 || 0.25 0.15 0.1 || 1
5000 1 0.001 || 0.25 0.2 0.1 || 3
5000 1 0.001 || 0.25 0.25 0.1 || 3

5000 1 0.001 || 0.2 0.1 0.1 || 1
5000 1 0.001 || 0.2 0.15 0.1 || 1
5000 1 0.001 || 0.25 0.1 0.1 || 1
5000 1 0.001 || 0.25 0.15 0.1 || 1

5000 1 0.001 || 0.1 0.1 0.1 || 1
5000 1 0.001 || 0.1 0.15 0.1 || 2
5000 1 0.001 || 0.15 0.1 0.1 || 3
5000 1 0.001 || 0.15 0.15 0.1 || 2
5000 1 0.001 || 0.2 0.1 0.1 || 0
5000 1 0.001 || 0.2 0.12 0.1 || 3
5000 1 0.001 || 0.25 0.1 0.1 || 2
5000 1 0.001 || 0.25 0.12 0.1 || 1
5000 1 0.001 || 0.3 0.1 0.1 || 2
5000 1 0.001 || 0.3 0.12 0.1 || 1

8000 1 0.001 || 0.2 0.1 0.1 || 1
10000 1 0.001 || 0.2 0.1 0.1 || 4
10000 1 0.001 || 0.2 0.1 0.1 || 1
5000 1 0.001 || 0.2 0.1 0.1 || 2
5000 1 0.001 || 0.2 0.1 0.1 || 4
5000 1 0.001 || 0.2 0.1 0.1 || 1
5000 1 0.001 || 0.2 0.1 0.1 || 1
5000 1 0.001 || 0.2 0.1 0.08 || 3
5000 1 0.001 || 0.2 0.1 0.08 || 3
5000 1 0.001 || 0.2 0.1 0.1 || 2
5000 1 0.001 || 0.2 0.1 0.11 || 1
5000 1 0.001 || 0.2 0.1 0.11 || 4
5000 1 0.001 || 0.2 0.1 0.1 || 4
5000 1 0.001 || 0.2 0.1 0.1 || 2
5000 1 0.001 || 0.2 0.1 0.1 || 3
